1000	17.2	18.2	13.8	29.6	1	1.05814	0.802326	1.72093
2000	34.3	36.5	27.4	60.4	1	1.06414	0.798834	1.76093
3000	53.2	55.4	41.7	90.8	1	1.04135	0.783835	1.70677
4000	72.3	73.4	56	122.4	1	1.01521	0.77455	1.69295
5000	90.3	92.1	70.1	156.4	1	1.01993	0.776301	1.732
6000	108.5	110.6	84	184	1	1.01935	0.774194	1.69585
7000	126.7	129.9	98.1	216.4	1	1.02526	0.77427	1.70797
8000	144.5	147.2	112.1	248.3	1	1.01869	0.775779	1.71834
9000	167.1	169	128.5	300.1	1	1.01137	0.769001	1.79593
10000	185.2	188.1	142.3	326.3	1	1.01566	0.768359	1.76188
20000	382.4	390.9	295.3	702	1	1.02223	0.772228	1.83577
30000	589.3	596.7	460.2	1160	1	1.01256	0.780927	1.96844
40000	788.6	809.4	622.5	1486.3	1	1.02638	0.789374	1.88473
50000	982	1011.1	778.5	1887.3	1	1.02963	0.79277	1.92189
60000	1187.8	1217	954	2291.5	1	1.02458	0.803166	1.9292
70000	1383.4	1423.6	1098.2	2616	1	1.02906	0.793841	1.89099
80000	1582.4	1635.6	1422.1	3162.9	1	1.03362	0.898698	1.9988
90000	1783.6	1846.6	1459.7	3652.3	1	1.03532	0.818401	2.04771
100000	1976	2030.7	1609.8	3816.9	1	1.02768	0.814676	1.93163
200000	4080.8	4240.1	3401.5	8308.1	1	1.03904	0.833538	2.0359
300000	5963.5	6175.5	4889.7	12199.4	1	1.03555	0.819938	2.04568
400000	7950.8	8127.8	7114.6	16547	1	1.02226	0.894828	2.08117
500000	9917.2	10087	7933.1	20830.5	1	1.01712	0.799933	2.10044
600000	11806	12099	9509.2	25584.4	1	1.02482	0.805455	2.16707
700000	13886.1	14137.7	11042.8	32121.8	1	1.01812	0.795241	2.31323
800000	16106	16142.7	14061.9	39749	1	1.00228	0.873085	2.46796
900000	18327.3	18312.7	14387.1	45650.7	1	0.999203	0.785009	2.49086
1000000	20351.9	20534	16053.4	51470.2	1	1.00895	0.788791	2.52901
2000000	41140.8	41562.8	38369	107113	1	1.01026	0.932626	2.60358
3000000	61966.1	62584.3	49779.2	162877	1	1.00998	0.80333	2.62849
4000000	82858.6	83517	76424	217757	1	1.00795	0.922342	2.62806
5000000	104105	104512	83321.2	271193	1	1.00391	0.80036	2.605
6000000	126047	124994	114363	324758	1	0.991647	0.907307	2.57649
7000000	148408	146063	116572	381816	1	0.984202	0.785485	2.57275
8000000	171560	166704	151910	438157	1	0.971695	0.885462	2.55395
9000000	194449	187814	150058	489312	1	0.965882	0.771709	2.5164
10000000	215329	208678	190208	541918	1	0.969112	0.883334	2.5167
20000000	434954	417763	382704	1.09005e+06	1	0.960476	0.879873	2.50613
30000000	665417	627567	576396	1.64051e+06	1	0.943119	0.866218	2.46539
40000000	866826	835982	767277	2.19956e+06	1	0.964418	0.885157	2.53749
50000000	1.09405e+06	1.04913e+06	954799	2.74486e+06	1	0.958946	0.872722	2.5089
60000000	1.30238e+06	1.24932e+06	1.14947e+06	3.26617e+06	1	0.959258	0.882585	2.50784
70000000	1.52562e+06	1.46108e+06	1.33961e+06	3.83816e+06	1	0.957697	0.878076	2.51581
80000000	1.73798e+06	1.72477e+06	1.53686e+06	4.41388e+06	1	0.992399	0.884278	2.53966
90000000	1.94773e+06	1.87654e+06	1.71651e+06	4.91496e+06	1	0.963449	0.881286	2.52343
