1000	6.8	4.1	1.5	3.8	1	0.602941	0.220588	0.558824
2000	13.6	8	2.7	7.6	1	0.588235	0.198529	0.558824
3000	21.1	12.7	4.2	11.7	1	0.601896	0.199052	0.554502
4000	28.6	16.8	6	15.6	1	0.587413	0.20979	0.545455
5000	35.9	21	7.1	20.5	1	0.584958	0.197772	0.571031
6000	43.2	25.3	8.7	23.2	1	0.585648	0.201389	0.537037
7000	50.5	29.7	10.3	27.1	1	0.588119	0.20396	0.536634
8000	57.3	34	11.6	32.4	1	0.593368	0.202443	0.565445
9000	67	41.8	14.1	38.5	1	0.623881	0.210448	0.574627
10000	75.7	46	15.7	44.9	1	0.607662	0.207398	0.593131
20000	169.2	110.1	45.6	128.9	1	0.650709	0.269504	0.76182
30000	273.3	188	91.2	238.4	1	0.687889	0.333699	0.872302
40000	369.3	263.1	138.6	344.2	1	0.712429	0.375305	0.932034
50000	461.4	333	178.9	442.5	1	0.721717	0.387733	0.959038
60000	553.2	400.2	221.5	549.1	1	0.723427	0.400398	0.992589
70000	643.5	465.4	266.8	643.7	1	0.723232	0.414608	1.00031
80000	734.8	528.4	301	753.7	1	0.719107	0.409635	1.02572
90000	836.6	626.4	359.8	908.3	1	0.748745	0.430074	1.0857
100000	914.7	664.6	380.2	936.4	1	0.726577	0.415655	1.02372
200000	1748.7	1309.7	716.7	1907.9	1	0.748956	0.409847	1.09104
300000	2640.9	1838.3	1092.6	3045.9	1	0.696088	0.413723	1.15336
400000	3525.6	2408.7	1563.9	4133.4	1	0.683203	0.443584	1.1724
500000	4448.3	2975.1	1812.6	5193.4	1	0.668817	0.407482	1.1675
600000	5399	3563.4	2078.1	6375.1	1	0.660011	0.384905	1.18079
700000	6461.3	4157.4	2536.1	7885.3	1	0.643431	0.392506	1.22039
800000	7966.2	4839.2	3040.4	9788.1	1	0.607467	0.381663	1.2287
900000	9051.9	5619.1	3453	11298.7	1	0.620765	0.381467	1.24821
1000000	10187.2	6673.2	3893.8	12476.3	1	0.655057	0.382225	1.2247
2000000	20951.7	15448	8352.2	24129.2	1	0.737315	0.398641	1.15166
3000000	31474.2	23347.6	14079	36250	1	0.741801	0.447319	1.15174
4000000	42072.5	31251.1	17079.9	48689.8	1	0.742792	0.405964	1.15728
5000000	52810.5	39094.7	23765.8	61438.8	1	0.740283	0.45002	1.16338
6000000	64383.7	47144.5	25295.6	72137.7	1	0.732243	0.392888	1.12043
7000000	76109.8	54736.5	33423.8	85295.5	1	0.719178	0.439152	1.12069
8000000	86711.5	62670.2	33388.8	96345.1	1	0.722744	0.385056	1.1111
9000000	98560.7	70216.5	42657.8	109300	1	0.712419	0.432807	1.10896
10000000	110391	78201	42817.9	121519	1	0.708399	0.387875	1.10081
20000000	222951	156800	83960.2	241531	1	0.703293	0.376585	1.08334
30000000	334406	242753	127158	361250	1	0.725923	0.380252	1.08028
40000000	463394	314676	171759	481254	1	0.679068	0.370655	1.03854
50000000	569848	399806	212497	615253	1	0.701602	0.372902	1.07968
60000000	665361	465347	270265	721395	1	0.699391	0.406193	1.08422
70000000	780042	545602	297796	856424	1	0.699452	0.38177	1.09792
80000000	904000	627844	341387	968992	1	0.694518	0.377641	1.07189
90000000	1.00184e+06	699966	381369	1.08112e+06	1	0.698679	0.380667	1.07913
