1000	17.3	18.1	14	29.6	1	1.04624	0.809249	1.71098
2000	34.5	36.2	27.7	60.1	1	1.04928	0.802899	1.74203
3000	53.6	55.1	43.7	91.5	1	1.02799	0.815299	1.70709
4000	72.1	73.7	55.9	121.6	1	1.02219	0.775312	1.68655
5000	90.7	92.2	70.2	152.5	1	1.01654	0.77398	1.68137
6000	108.6	110.4	84.2	184.9	1	1.01657	0.775322	1.70258
7000	126.8	128.9	97.8	226.1	1	1.01656	0.771293	1.78312
8000	145	147.3	112	252.9	1	1.01586	0.772414	1.74414
9000	167	168.7	128.3	312.8	1	1.01018	0.768263	1.87305
10000	186.6	188.1	142.5	330.6	1	1.00804	0.763666	1.7717
20000	383.9	394.7	299.7	758.9	1	1.02813	0.780672	1.97682
30000	597.5	616.5	480.2	1139.3	1	1.0318	0.803682	1.90678
40000	794.6	809.3	627.1	1528.8	1	1.0185	0.789202	1.92399
50000	1002.3	1039.9	819.4	1950.7	1	1.03751	0.81752	1.94622
60000	1186.7	1225.9	960.3	2337	1	1.03303	0.809219	1.96933
70000	1404.1	1462.2	1147.9	2716.7	1	1.04138	0.817534	1.93483
80000	1592.7	1660.3	1458.2	3173.3	1	1.04244	0.915552	1.9924
90000	1792	1862.7	1482.8	3595.9	1	1.03945	0.827455	2.00664
100000	1983	2067.3	1660.5	3869.3	1	1.04251	0.837368	1.95124
200000	4017	4206.9	3360.4	8123.8	1	1.04727	0.836545	2.02235
300000	5973.6	6174.9	4913.7	12091.5	1	1.0337	0.822569	2.02416
400000	7924.1	8098.3	7092.9	16578.6	1	1.02198	0.895105	2.09217
500000	9872.5	10096	7950.1	20936.6	1	1.02264	0.805277	2.1207
600000	11830.8	12052.3	9578.4	25354.7	1	1.01872	0.809616	2.14311
700000	13929.2	14134.3	11035.1	32274.1	1	1.01472	0.792228	2.31701
800000	16129.3	16182.1	14076.1	39714.6	1	1.00327	0.872704	2.46226
900000	18355.7	18744.3	14491.3	45482.5	1	1.02117	0.789471	2.47784
1000000	20384	20531.5	16037.7	51658.5	1	1.00724	0.786779	2.53427
2000000	41190.7	42694	37963.5	105832	1	1.0365	0.921652	2.56931
3000000	61598	62125.4	49358.1	160661	1	1.00856	0.801294	2.60822
4000000	82445.9	84165.1	75458.2	214627	1	1.02085	0.915245	2.60325
5000000	108385	110272	88298.2	337186	1	1.0174	0.81467	3.111
6000000	126081	125029	114475	324758	1	0.991655	0.90795	2.57579
7000000	156551	153426	122788	469009	1	0.98004	0.78433	2.99589
8000000	180014	174314	163909	516090	1	0.968335	0.910535	2.86694
9000000	194071	187446	150391	489697	1	0.965861	0.774928	2.52329
10000000	221987	218313	194183	587696	1	0.983449	0.874749	2.64743
20000000	433293	422934	384438	1.09072e+06	1	0.976094	0.887247	2.51728
30000000	656523	625636	575091	1.63779e+06	1	0.952954	0.875965	2.49464
40000000	863669	842183	767347	2.19851e+06	1	0.975122	0.888473	2.54554
50000000	1.08194e+06	1.04718e+06	949787	2.72828e+06	1	0.967869	0.877855	2.52166
60000000	1.31802e+06	1.25618e+06	1.15722e+06	3.2871e+06	1	0.953086	0.878003	2.49398
70000000	1.51082e+06	1.47947e+06	1.34202e+06	3.83367e+06	1	0.97925	0.888274	2.53747
80000000	1.73545e+06	1.6769e+06	1.5391e+06	4.44651e+06	1	0.96626	0.886857	2.56217
90000000	1.95451e+06	1.93198e+06	1.72108e+06	4.92787e+06	1	0.988471	0.880569	2.52128
100000000	2.16091e+06	2.08845e+06	1.92418e+06	5.46715e+06	1	0.966468	0.890451	2.53003
200000000	4.29396e+06	4.15443e+06	3.81382e+06	1.10742e+07	1	0.967506	0.888183	2.57901
300000000	6.47528e+06	6.2618e+06	5.73941e+06	1.66275e+07	1	0.967031	0.886357	2.56785
400000000	8.64047e+06	8.37546e+06	7.72942e+06	2.23998e+07	1	0.96933	0.89456	2.59243
500000000	1.08092e+07	1.0488e+07	9.68614e+06	2.77665e+07	1	0.970291	0.896105	2.56879
600000000	1.30021e+07	1.2697e+07	1.16657e+07	3.3503e+07	1	0.976537	0.89722	2.57674
700000000	1.51916e+07	1.46976e+07	1.35517e+07	3.86155e+07	1	0.96748	0.892052	2.5419
800000000	1.72854e+07	1.67196e+07	1.38422e+07	4.44776e+07	1	0.967267	0.8008	2.57313
900000000	1.95062e+07	1.9347e+07	1.73243e+07	4.97727e+07	1	0.99184	0.888144	2.55164
