1000	6.8	4.2	1.4	3.8	1	0.617647	0.205882	0.558824
2000	13.5	8.4	2.5	8.1	1	0.622222	0.185185	0.6
3000	21.1	12.7	4.1	11.8	1	0.601896	0.194313	0.559242
4000	28.9	16.8	6	15.8	1	0.581315	0.207612	0.546713
5000	35.8	21.2	7.2	19.7	1	0.592179	0.201117	0.550279
6000	43	25.7	8.4	23	1	0.597674	0.195349	0.534884
7000	50	29.7	10.2	27.5	1	0.594	0.204	0.55
8000	57.3	33.5	12	31.9	1	0.584642	0.209424	0.556719
9000	67.1	41.6	14.2	38.6	1	0.61997	0.211624	0.575261
10000	74.6	46.4	16	44.6	1	0.621984	0.214477	0.597855
20000	168.7	108.3	44.9	128.7	1	0.641968	0.266153	0.762893
30000	271.1	185.6	89.4	236.8	1	0.684618	0.329768	0.873478
40000	372	264.5	141.2	347.8	1	0.711022	0.37957	0.934946
50000	463.8	330.4	180.6	447.3	1	0.712376	0.389392	0.964424
60000	559.7	401.2	225.8	547	1	0.716813	0.40343	0.977309
70000	651.5	472.9	271.4	650.8	1	0.725863	0.416577	0.998926
80000	745.5	541.7	310.1	742.4	1	0.726626	0.415962	0.995842
90000	820.1	592.1	345.2	907.2	1	0.721985	0.420924	1.10621
100000	918.9	669.3	384.4	925.4	1	0.728371	0.418326	1.00707
200000	1727.7	1291.3	698.8	1916.4	1	0.74741	0.404468	1.10922
300000	2622.5	1826.9	1079.5	3036.2	1	0.696625	0.41163	1.15775
400000	3540.6	2402.7	1556.9	4166.2	1	0.678614	0.439728	1.17669
500000	4480.6	2983	1815.2	5265.8	1	0.665759	0.405124	1.17524
600000	5383.3	3581.8	2076.5	6431.5	1	0.665354	0.38573	1.19471
700000	6452.1	4199.5	2530.5	7904.5	1	0.650873	0.392198	1.22511
800000	7863.1	4889.5	3108.8	9796	1	0.621829	0.395366	1.24582
900000	9066.3	5635.8	3462.4	11391	1	0.621621	0.381898	1.25641
1000000	10252.3	6710.9	3912.7	12348.2	1	0.654575	0.381641	1.20443
2000000	20915.7	15236.3	8122.3	24186.6	1	0.728462	0.388335	1.15638
3000000	31547.8	23410.8	14158	37299.9	1	0.742074	0.448779	1.18233
4000000	41769.8	30708.5	16466	47907	1	0.735184	0.394208	1.14693
5000000	52800.6	39068.2	23704.1	61215.9	1	0.73992	0.448936	1.15938
6000000	64132.3	46514.2	24839.4	72069.4	1	0.725285	0.387315	1.12376
7000000	76245.2	55021.2	33472.2	87460.5	1	0.721635	0.439007	1.1471
8000000	86860.5	62480.8	33733.2	96727.8	1	0.719324	0.388361	1.1136
9000000	98520.7	70243.8	42587	111309	1	0.712985	0.432264	1.12981
10000000	110256	78146.7	42881.1	120888	1	0.708772	0.388921	1.09643
20000000	222105	155667	83604.6	239088	1	0.700873	0.37642	1.07647
30000000	346602	235457	128747	364370	1	0.679328	0.371455	1.05126
40000000	448461	314273	189685	481094	1	0.700782	0.422969	1.07277
50000000	586029	400848	215453	607656	1	0.684007	0.367649	1.0369
60000000	688240	479656	270409	732817	1	0.696931	0.3929	1.06477
70000000	785064	557939	307312	859626	1	0.710692	0.391448	1.09498
80000000	912993	646713	355863	983551	1	0.708344	0.389776	1.07728
90000000	1.00697e+06	705232	391634	1.10643e+06	1	0.700348	0.388921	1.09877
100000000	1.12498e+06	788163	428896	1.21863e+06	1	0.700602	0.381248	1.08325
200000000	2.24261e+06	1.57153e+06	859015	2.46571e+06	1	0.700759	0.383042	1.09948
300000000	3.36163e+06	2.36865e+06	1.30085e+06	3.69869e+06	1	0.704614	0.386969	1.10027
400000000	4.48726e+06	3.15362e+06	1.75214e+06	4.92659e+06	1	0.702794	0.39047	1.09791
500000000	5.62219e+06	3.9449e+06	2.22637e+06	6.1343e+06	1	0.701666	0.395998	1.09109
600000000	6.7528e+06	4.73965e+06	2.67218e+06	7.5289e+06	1	0.701878	0.395714	1.11493
700000000	7.91359e+06	5.54409e+06	3.11852e+06	8.66064e+06	1	0.700578	0.394071	1.0944
800000000	9.00228e+06	6.32825e+06	3.54718e+06	9.93943e+06	1	0.70296	0.394031	1.1041
900000000	1.0163e+07	7.16225e+06	3.99908e+06	1.10409e+07	1	0.704741	0.393496	1.08639
