1000	4.3	1.6	0.9	3.5	1	0.372093	0.209302	0.813953
2000	8.5	3.4	1.7	8	1	0.4	0.2	0.941176
3000	13.1	5.5	3.2	12.4	1	0.419847	0.244275	0.946565
4000	19	7.4	3.5	16.1	1	0.389474	0.184211	0.847368
5000	20.8	8.4	4.3	21	1	0.403846	0.206731	1.00962
6000	24.4	9.4	4.8	23.5	1	0.385246	0.196721	0.963115
7000	32	11.7	6.2	30.7	1	0.365625	0.19375	0.959375
8000	33.6	13.5	7	37	1	0.401786	0.208333	1.10119
9000	54.1	19.1	9.9	40.7	1	0.35305	0.182994	0.752311
10000	33.3	12.2	7.6	27.2	1	0.366366	0.228228	0.816817
20000	38.7	15.8	8.2	42.1	1	0.408269	0.211886	1.08786
30000	90.6	38.8	20.2	107.6	1	0.428256	0.222958	1.18764
40000	107.5	44.1	25.7	130.3	1	0.410233	0.23907	1.21209
50000	56.3	30.1	21.9	123.2	1	0.534636	0.388988	2.18828
60000	253.4	105.7	68.5	343.8	1	0.417127	0.270324	1.35675
70000	94.8	45.5	40.7	213.3	1	0.479958	0.429325	2.25
80000	100	54.6	49.6	343.2	1	0.546	0.496	3.432
90000	324.1	136.6	98.6	507.9	1	0.421475	0.304227	1.56711
100000	337.8	145.8	97.4	507.7	1	0.431616	0.288336	1.50296
200000	725.8	303.9	204.3	1139.2	1	0.41871	0.281483	1.56958
300000	969.8	474.8	323.6	1653.8	1	0.489585	0.333677	1.7053
400000	839.7	449.1	290.1	1588.9	1	0.534834	0.345481	1.89222
500000	1155.1	642	439.5	2415.4	1	0.555796	0.380487	2.09107
600000	808.8	593.4	503.9	2504.7	1	0.73368	0.623022	3.09681
700000	1431.1	886	706.4	3429.5	1	0.619104	0.493606	2.39641
800000	1640.3	960	764.9	3894.4	1	0.585259	0.466317	2.3742
900000	1781	1048.9	884.4	4320.8	1	0.588939	0.496575	2.42605
1000000	1540.4	1131.1	975.8	4598.3	1	0.73429	0.633472	2.98513
2000000	2891.7	2459.3	2162.7	9568.7	1	0.850469	0.747899	3.30902
3000000	4430.3	3961	3444.5	15164.3	1	0.89407	0.777487	3.42286
4000000	5838.9	5122.4	4467.9	19817.5	1	0.877289	0.765195	3.39405
5000000	7361.2	6413.2	5602.6	24746.7	1	0.871217	0.761099	3.36178
6000000	9375.5	7734.5	6818.9	29837.3	1	0.824969	0.727311	3.18248
7000000	11308.2	9040	8042.7	35077.1	1	0.79942	0.711227	3.10192
8000000	13406.6	10509.1	9568.1	40736.1	1	0.783875	0.713686	3.03851
9000000	15408.7	11691.4	10424.4	45662	1	0.758753	0.676527	2.96339
