1000	8.3	8.9	5.5	15.5	1	1.07229	0.662651	1.86747
2000	29.2	25.1	19.5	54.3	1	0.859589	0.667808	1.85959
3000	41.2	32.8	25.1	74.9	1	0.796117	0.609223	1.81796
4000	28.8	24.8	19	54.1	1	0.861111	0.659722	1.87847
5000	72.1	63.6	47.6	136.3	1	0.882108	0.660194	1.89043
6000	86.6	76.4	57.7	164.2	1	0.882217	0.666282	1.89607
7000	100.9	88.2	67.1	195.2	1	0.874133	0.665015	1.93459
8000	120.2	99.6	76.6	217.6	1	0.828619	0.637271	1.81032
9000	88.8	78.3	56.2	145.8	1	0.881757	0.632883	1.64189
10000	75.7	65.5	51	144.5	1	0.865258	0.673712	1.90885
20000	193.2	168.5	130.3	350.7	1	0.872153	0.674431	1.81522
30000	191.6	167	122.3	315.1	1	0.871608	0.638309	1.64457
40000	448.9	377.1	289.1	819.4	1	0.840053	0.644019	1.82535
50000	511.6	447.9	344	834.8	1	0.875489	0.6724	1.63174
60000	231.6	200.6	154.8	443.5	1	0.866149	0.668394	1.91494
70000	500.7	408.6	309.4	900	1	0.816058	0.617935	1.79748
80000	691.8	539.6	417	1197.5	1	0.779994	0.602775	1.73099
90000	378.4	326.8	254.9	710.4	1	0.863636	0.673626	1.87738
100000	544.8	464.8	362.6	1063.3	1	0.853157	0.665565	1.95173
200000	1654.8	1487.7	1145.3	2906.6	1	0.899021	0.692108	1.75647
300000	1655.5	1382	1179.1	3040.2	1	0.834793	0.712232	1.83642
400000	1920.4	1460.7	1115.3	3136	1	0.760623	0.580764	1.63299
500000	2002.2	1743	1319.1	3839	1	0.870542	0.658825	1.91739
600000	2349.7	2035.1	1560.7	4651.7	1	0.866111	0.664212	1.9797
700000	3149.9	2504.5	1894.4	5413.6	1	0.795105	0.601416	1.71866
800000	3143.6	2712.4	2083.6	6184.1	1	0.862832	0.662807	1.9672
900000	3512.4	3053	2340.2	6969.6	1	0.869206	0.666268	1.98428
1000000	4095.3	3400.6	2594.4	7717.6	1	0.830367	0.633507	1.8845
2000000	8886.2	6753.9	5148.6	15510.2	1	0.760044	0.579393	1.74543
3000000	11876.6	10160.2	7767	23873.6	1	0.855481	0.653975	2.01014
4000000	15643	13580.8	10475	31674.6	1	0.868171	0.669629	2.02484
5000000	19644	16805.3	12929.9	39194.9	1	0.855493	0.658211	1.99526
6000000	24212.2	20095.3	15482.7	47303.9	1	0.829966	0.639459	1.95372
7000000	28602.4	23612.9	18162.3	54995.8	1	0.825557	0.634992	1.92277
8000000	33133.2	26747.4	20838.5	62629.1	1	0.807269	0.628931	1.89022
9000000	37757.2	29934	23043.8	70212.2	1	0.792802	0.610315	1.85957
